(
v-1F:0.41378,
Dd2-2D4-1F.ab1_:0.04964,
Dd2-Fid-1F.ab1_:0.24914);
