(
v-17F:0.05824,
Dd2-2D4-17F.ab1_:0.00698,
Dd2-Fid-17F.ab1_:0.03650);
